#Below is the size of each file in GB
8.5
14.4
3.4
9.6
1.6
17.6
11.6
15.9
6.1
14.4
7.6
9.6
19.1
3.5
3.5
11.4
21.8
16.2
11.5
4.1
16.6
13.8
1.9
9.2
0.4
17.1
2.4
3.2
20.4
13.1
7.5
9.9
3.2
21.9
17.5
6.2
20.6
5.4
15.3
11.2
15.9
9.2
0.7
0.6
2.9
16.3
15.1
17.5
11.3
1.5
5.9
12.7
16.9
10.7
17.4
19.2
7.8
6.7
2.1
12.0
16.7
8.8
16.2
6.1
4.2
21.7
14.8
5.9
13.9
12.7
5.0
3.1
8.6
18.1
6.6
11.1
14.4
0.5
19.0
14.0
16.9
5.3
6.8
11.5
9.5
19.4
11.4
2.2
3.4
5.4
9.5
13.3
21.8
18.9
21.4
16.6
14.1
2.2
3.0
6.1
21.4
5.9
11.0
1.4
14.3
10.9
12.4
3.7
18.0
15.3
11.2
16.5
4.9
14.4
17.6
7.8
11.3
12.2
3.7
2.6
16.2
6.3
0.2
3.4
14.9
18.8
16.3
3.2
16.9
19.3
5.1
13.3
18.1
15.6
21.3
2.8
12.7
3.8
18.8
20.9
17.2
16.3
2.6
8.7
7.6
9.1
1.5
8.7
1.1
19.3
5.6
21.4
0.2
13.4
10.4
10.7
0.8
17.1
2.3
4.9
0.8
20.4
20.2
12.0
21.1
12.1
20.6
17.2
21.1
20.6
12.6
8.3
1.0
10.9
16.3
11.9
16.1
12.0
1.3
2.8
16.0
2.7
10.2
2.0
13.3
8.4
19.1
8.6
11.9
16.9
1.1
0.3
12.2
19.8
18.9
20.3
21.0
20.2
20.4
13.5
1